1568 665.9733333333334 512
1504 602.3733333333333 160
1488 669.52 256
1496 723.84 256
1488 755.5466666666666 240
1488 778.5866666666667 176
1488 850.5866666666667 232
1912 873.76 256
1560 927.7866666666666 232
1864 939.7866666666666 144
1536 976.8266666666667 200
1872 1029.7066666666667 160
1864 1045.4133333333334 272
1872 1066.08 176
1864 1037.44 264
1864 1049.2266666666667 200
1856 1086.4533333333334 184
1856 1097.68 256
2688 1122.8266666666666 264
1840 1123.8666666666666 256
1872 1100.3466666666666 272
1688 645.9733333333334 512
1848 608.5066666666667 152
1568 678.56 176
1904 746.64 176
1896 801.4666666666667 176
1888 831.3066666666666 256
1864 860.8 128
2288 946.0533333333333 256
1880 933.7333333333333 208
1864 1004.7466666666667 200
1864 1017.4666666666667 200
1856 1052.56 224
1856 1090.9866666666667 296
1848 1087.3866666666668 216
1856 1089.04 200
1856 1161.2 160
1848 1171.1733333333334 232
1840 1197.0666666666666 224
1840 1211.2533333333333 312
1840 1217.0133333333333 208
1848 1233.3866666666668 424
1840 1240.8 304
1856 1181.0133333333333 320
1856 1217.84 296
1856 1233.5466666666666 256
1608 1137.04 256
2128 1197.3066666666666 328
2168 1191.6266666666668 336
1776 1154.4533333333334 240
1832 1191.44 192
1808 1206.64 288
1752 1187.8933333333334 224
1712 1188.0 272
1768 1215.6533333333334 288
1776 1247.7333333333333 248
1784 1230.16 288
1720 1254.6933333333334 344
1744 1247.3333333333333 320
1848 1276.56 256
1856 1294.72 256
1848 1312.2666666666667 256
2232 1331.52 200
2248 1362.08 264
2232 1330.2133333333334 304
2248 1372.4266666666667 288
2216 1338.4 288
1856 1326.64 344
1856 1315.7333333333333 240
1856 1319.4133333333334 336
1864 1349.5466666666666 224
2208 1356.1866666666667 288
2312 1375.9733333333334 320
2304 1324.24 272
2264 1320.6133333333332 216
2304 1363.7333333333333 224
2688 1369.0933333333332 160
2672 1371.52 176
2688 1402.0 200
2688 1390.0266666666666 288
2248 1382.3733333333332 304
2240 1370.32 288
2240 1366.6133333333332 312
2680 1356.0 224
2232 1337.7333333333333 240
1848 1364.5866666666666 368
2240 1275.36 304
2224 1350.3466666666666 440
2248 1331.68 336
2240 1329.28 320
2240 1375.3333333333333 232
2256 1398.2666666666667 232
2240 1392.0533333333333 336
2272 1437.52 280
2224 1438.7466666666667 272
2240 1425.0133333333333 296
2240 1392.3733333333332 264
2656 1405.0666666666666 248
2200 1423.8666666666666 368
1752 1242.56 200
2176 1310.6133333333332 208
2664 1339.0666666666666 248
2144 1341.6266666666668 264
2592 1353.2 336
2608 1369.0666666666666 304
2616 1336.4 256
2160 1365.1466666666668 320
2112 1294.9066666666668 248
2568 1356.5333333333333 232
1864 1337.8666666666666 168
1776 1260.4533333333334 280
1808 1330.9866666666667 984
2096 1296.7733333333333 272
1808 1357.6533333333334 288
1784 1345.9466666666667 336
1760 1311.1733333333334 280
1736 1300.0533333333333 296
1808 1347.9733333333334 328
1768 1375.28 688
1808 1343.8666666666666 368
1768 1308.1333333333334 296
1760 1326.3466666666666 608
1736 1260.4 216
2112 1343.28 296
1832 1326.6133333333332 264
1816 1328.64 656
1816 1327.6266666666668 344
2152 1306.6666666666667 272
2544 1391.6266666666668 744
2144 1350.9866666666667 336
2168 1343.9466666666667 312
2152 1404.5066666666667 304
2144 1371.36 240
2152 1390.88 288
2616 1385.1466666666668 296
1752 1327.6533333333334 288
2144 1354.1066666666666 288
2536 1392.72 1112
2144 1396.1333333333334 240
1848 1378.3733333333332 248
2192 1398.16 376
2192 1414.7733333333333 328
2232 1377.2 248
2192 1370.8533333333332 280
2152 1374.0533333333333 328
2208 1400.9866666666667 280
1752 1334.5866666666666 304
2200 1407.12 312
2208 1417.0666666666666 272
2184 1433.12 336
2584 1435.0933333333332 312
2096 1352.0533333333333 272
2120 1374.64 336
2096 1368.56 1120
2144 1371.8933333333334 304
1832 1354.1066666666666 296
1792 1380.56 280
2208 1387.76 256
2192 1436.32 336
2184 1457.7333333333333 376
2216 1457.92 272
2224 1376.8 296
2192 1391.7066666666667 296
2216 1442.1866666666667 216
2216 1379.76 216
2216 1387.7333333333333 256
2208 1389.1733333333334 320
2200 1444.1066666666666 376
2208 1401.6266666666668 336
2320 1407.76 336
2192 1433.7866666666666 248
2296 1410.2133333333334 304
2208 1422.8 296
2296 1427.04 336
2168 1446.5333333333333 1120
2192 1397.9733333333334 312
2240 1441.44 1120
2624 1429.7066666666667 248
2168 1457.4933333333333 672
2208 1461.68 216
2200 1476.0533333333333 304
2200 1477.92 336
2216 1427.12 208
2192 1467.84 360
2200 1445.7866666666666 344
2600 1495.0933333333332 312
2200 1504.9066666666668 248
2200 1481.6 344
2208 1527.5466666666666 376
2200 1457.7866666666666 272
2184 1513.7333333333333 344
2192 1509.9466666666667 216
2208 1480.2933333333333 320
2232 1457.7066666666667 256
2208 1455.6533333333334 280
2616 1490.0533333333333 216
2600 1486.64 424
2320 1512.3466666666666 304
2616 1510.16 344
2592 1522.8533333333332 1120
2616 1521.92 288
2248 1534.96 1120
2208 1498.88 664
2184 1514.0 312
2632 1489.2 312
2224 1430.9333333333334 312
2216 1464.5333333333333 288
2208 1502.3733333333332 256
2272 1544.8533333333332 272
2296 1482.5866666666666 296
2192 1491.44 288
2216 1487.92 184
2192 1479.76 240
2200 1494.4266666666667 320
2200 1504.48 256
2264 1490.8533333333332 264
2200 1467.8666666666666 296
2240 1452.0533333333333 248
2192 1510.9866666666667 296
2128 1486.5866666666666 416
2200 1460.5066666666667 344
2184 1484.9333333333334 800
2184 1459.0133333333333 360
2216 1451.5733333333333 288
2176 1493.9466666666667 320
2664 1408.1333333333334 264
2200 1491.2266666666667 360
2616 1508.56 352
2200 1493.7066666666667 224
2168 1523.44 352
2200 1481.7333333333333 344
2216 1448.96 256
2176 1499.28 400
2304 1511.76 288
2176 1551.9466666666667 288
2248 1569.84 296
2200 1516.5866666666666 320
2616 1531.2533333333333 360
2592 1544.2666666666667 320
2168 1583.3866666666668 376
2192 1551.52 256
2192 1573.4933333333333 296
2248 1546.2933333333333 264
2184 1561.6533333333334 328
2616 1602.2933333333333 344
2584 1639.8933333333334 1120
2576 1557.5466666666666 232
2616 1603.04 296
2616 1581.04 280
2584 1622.7466666666667 696
2576 1603.0666666666666 1120
2200 1656.88 376
2136 1600.24 1120
2272 1604.6666666666667 1120
2592 1590.2666666666667 1120
2584 1653.8133333333333 1120
2576 1652.2666666666667 1120
2576 1631.2266666666667 312
2568 1644.2666666666667 312
2576 1700.8266666666666 1120
2576 1664.4 192
2576 1674.7466666666667 360
4816 1647.92 288
3496 1698.0533333333333 304
2576 1677.3333333333333 344
2600 1646.16 384
2584 1685.3066666666666 1120
2184 1669.6533333333334 1120
2656 1564.24 232
2600 1654.1333333333334 368
2608 1647.5466666666666 304
2616 1597.6 240
2584 1638.9333333333334 280
2552 1614.5066666666667 1120
2608 1624.4533333333334 1120
2600 1619.52 376
3904 1596.5333333333333 344
3920 1617.2266666666667 352
3936 1619.92 272
2592 1661.0933333333332 336
2600 1645.0133333333333 256
2576 1706.2666666666667 1120
3928 1679.84 1120
2576 1688.8266666666666 1120
2616 1628.56 288
2512 1651.4133333333334 320
2576 1713.04 384
2584 1700.24 1120
2576 1691.76 392
2560 1695.8133333333333 1120
2576 1585.8666666666666 304
2608 1606.9866666666667 312
2600 1622.0 296
3128 1656.7733333333333 336
2552 1696.0533333333333 360
2576 1712.5066666666667 312
4776 1675.6 360
2592 1705.4133333333334 352
2544 1715.4666666666667 1120
2576 1729.2533333333333 264
3480 1710.48 1120
3384 1687.1733333333334 1120
3840 1683.4933333333333 352
3104 1654.3733333333332 1120
3952 1699.9733333333334 312
2568 1673.8666666666666 680
3920 1651.5733333333333 1120
2584 1620.1333333333334 1120
2576 1703.8133333333333 1120
3024 1698.9066666666668 1120
2568 1658.3733333333332 1120
3904 1726.48 1120
3888 1712.1066666666666 672
3000 1731.84 640
2576 1671.92 744
2960 1738.2933333333333 1120
3144 1708.4 688
3888 1780.0266666666666 1120
2824 1687.7866666666666 1120
3888 1787.36 704
2552 1731.04 704
3040 1749.1466666666668 1120
3864 1758.8533333333332 1120
3416 1740.4 1120
3400 1736.48 1120
2016 1187.4933333333333 1120
2016 1258.32 1120
1856 1286.96 832
1824 1335.8133333333333 1120
1648 1302.8533333333332 1056
1928 1290.5333333333333 840
1936 1305.9733333333334 400
1968 1341.04 1120
1968 1338.1866666666667 976
1784 1304.72 832
1968 1351.28 352
2024 1387.3866666666668 1120
3280 1221.2533333333333 1120
2632 1341.6 1120
1888 1210.24 1120
1952 1340.4 1120
1848 1331.2266666666667 1120
1840 1303.2266666666667 1120
1808 1288.56 1120
1848 1312.56 944
1848 1327.8666666666666 824
1840 1339.7866666666666 864
1840 1322.5866666666666 832
1792 1304.1333333333334 704
1848 1344.7466666666667 1120
1840 1366.56 1120
1856 1335.7066666666667 1120
1840 1327.7333333333333 616
2032 1165.84 1120
1912 1276.08 1120
1856 1308.24 1120
1856 1288.8 384
1832 1319.5733333333333 368
2472 1144.16 1120
2472 1177.1466666666668 1120
2024 696.96 512
2016 598.2666666666667 128
1568 682.1066666666667 256
1896 709.84 200
1832 760.48 176
2328 748.9066666666666 192
1880 775.8666666666667 256
1776 642.24 512
1448 613.8933333333333 176
1848 659.6 128
2304 711.4666666666667 200
1896 759.8666666666667 152
1896 775.5733333333334 176
1944 873.3333333333334 176
2712 883.5733333333334 120
2048 942.9066666666666 256
2672 967.52 200
4008 1027.36 152
4112 1063.3066666666666 200
3504 1079.2533333333333 296
4040 1152.0 240
4792 1211.44 256
3888 1255.3866666666668 296
4808 1290.5866666666666 296
5016 1314.8533333333332 160
5904 1432.56 296
4064 1426.1066666666666 296
4072 1516.96 704
5888 1593.0133333333333 400
5872 1593.9733333333334 560
4080 1652.16 376
5840 1672.6133333333332 984
5864 1678.88 592
5880 1802.64 824
5032 1680.32 344
5896 1726.2133333333334 352
5864 1751.8133333333333 808
5896 1838.5066666666667 808
5864 1977.9733333333334 1096
5864 1922.8 1096
5888 1920.5066666666667 1032
5896 1790.1066666666666 360
6408 1993.12 1056
6784 2040.8 840
6784 2063.52 1000
6392 2122.08 840
6368 2240.32 736
5888 2131.04 616
7232 2254.3733333333334 944
6776 2204.96 944
6336 2240.96 1096
7664 2369.8933333333334 1096
6280 2263.5733333333333 600
6408 2256.6133333333332 1096
6784 2454.693333333333 816
6424 2428.133333333333 1096
5896 2247.866666666667 592
5792 2056.4 592
6320 2307.5466666666666 600
6776 2460.9866666666667 688
5864 2442.2933333333335 1016
6232 2277.306666666667 672
6784 2461.1466666666665 808
6792 2555.733333333333 1096
6280 2461.9733333333334 384
6344 2441.0933333333332 1096
6264 2626.64 1096
6312 2596.64 1096
6240 2486.1866666666665 808
7672 2590.9866666666667 1096
6304 2619.1466666666665 1096
7584 2284.0 1096
6768 2694.72 1096
7640 2665.8933333333334 1096
8568 2721.786666666667 1096
8568 2586.4266666666667 384
6432 2693.1466666666665 736
6800 2534.48 1096
6392 2575.68 1096
6776 2489.36 968
6640 2291.1466666666665 1096
6728 2673.76 1096
6784 2837.52 800
6752 2897.2533333333336 1096
6792 2791.8933333333334 784
6760 2866.24 1096
6728 2823.9733333333334 1040
8896 2819.5733333333333 1096
6784 2822.24 1016
6768 2733.4133333333334 1088
6768 2777.4666666666667 432
6776 2689.04 1096
7672 2677.6 1096
6712 2764.64 1096
7568 2652.4266666666667 1096
6784 2871.4666666666667 1096
7664 2851.173333333333 648
6784 2906.72 1096
8608 2776.56 1096
8120 2824.48 1096
8544 2928.5066666666667 1096
5400 1422.8 1096
8560 2582.693333333333 1096
8064 2639.9466666666667 1096
6680 2611.786666666667 960
8480 2806.0 1096
6304 1467.0666666666666 1096
8072 2618.9333333333334 1096
8672 2703.04 1072
8632 2861.84 1096
2896 1965.68 664
2936 1614.9066666666668 1096
6080 1620.0 992
6072 1636.9333333333334 968
2408 1476.3733333333332 944
5784 1627.1733333333334 352
5896 1742.1866666666667 344
7256 1811.3866666666668 352
6224 1805.3866666666668 680
6152 1729.04 1096
6152 1721.7066666666667 984
3024 1727.44 656
2880 1606.9066666666668 832
2872 1645.2 928
5384 2233.92 704
9120 2598.693333333333 744
